7
1
2
2 4 6 2 0 -1
4 6 2 2 0 3
tilted_haar_x3
-1.815205e-02 0 -1
6.491229e-01 -3.978494e-01 
1
2
8 9 9 4 0 -1
8 10 9 2 0 2
haar_y4
-2.878560e-03 0 -1
5.399462e-01 -3.547289e-01 
1
2
1 0 9 6 0 -1
1 2 9 2 0 3
haar_y3
-6.777062e-03 0 -1
4.478146e-01 -4.339285e-01 
1
2
22 17 2 5 0 -1
22 17 1 5 0 2
haar_x2
-1.331659e-03 0 -1
4.729722e-01 -2.442177e-01 
1
2
0 17 2 5 0 -1
1 17 1 5 0 2
haar_x2
-1.204104e-03 0 -1
5.758184e-01 -3.628299e-01 
1
2
14 10 5 3 0 -1
14 11 5 1 0 3
haar_y3
3.283048e-03 0 -1
-2.024067e-01 6.111901e-01 
1
2
4 2 8 11 0 -1
6 2 4 11 0 2
haar_x4
-1.492155e-02 0 -1
-9.655877e-01 2.722699e-01 
-8.419480e-01

4
-1
