10
1
2
7 8 8 3 0 -1
7 9 8 1 0 3
haar_y3
3.204671e-03 0 -1
-2.458232e-01 5.690606e-01 
1
2
20 9 4 2 0 -1
21 9 2 2 0 2
haar_x4
-2.651347e-03 0 -1
5.912111e-01 -2.413956e-01 
1
3
2 22 4 2 0 -1
2 22 2 1 0 2
4 23 2 1 0 2
haar_x2_y2
1.397415e-03 0 -1
-2.080049e-01 6.413593e-01 
1
2
0 0 24 4 0 -1
0 2 24 2 0 2
haar_y2
-2.479456e-02 0 -1
4.522734e-01 -3.598418e-01 
1
2
7 15 2 4 0 -1
7 17 2 2 0 2
haar_y2
-8.266938e-04 0 -1
4.076082e-01 -3.997586e-01 
1
2
19 4 1 6 0 -1
17 6 1 2 0 3
tilted_haar_x3
9.331660e-03 0 -1
-6.620228e-02 4.188465e-01 
1
2
6 9 5 3 0 -1
6 10 5 1 0 3
haar_y3
6.988248e-03 0 -1
-1.768287e-01 8.467964e-01 
1
2
12 10 3 3 0 -1
12 11 3 1 0 3
haar_y3
9.322682e-04 0 -1
-2.236465e-01 4.818225e-01 
1
2
9 22 6 2 0 -1
11 22 2 2 0 3
haar_x3
1.093810e-03 0 -1
-3.228773e-01 5.170814e-01 
1
2
10 18 4 5 0 -1
11 18 2 5 0 2
haar_x4
3.913954e-03 0 -1
1.947626e-01 -8.413690e-01 
-7.524523e-01

10
-1
