9
1
3
1 3 6 6 0 -1
1 3 3 3 0 2
4 6 3 3 0 2
haar_x2_y2
1.626588e-02 0 -1
-2.906404e-01 6.082481e-01 
1
2
18 4 5 15 0 -1
13 9 5 5 0 3
tilted_haar_x3
-3.503629e-03 0 -1
-4.285308e-01 1.115540e-01 
1
3
1 6 14 12 0 -1
1 6 7 6 0 2
8 12 7 6 0 2
haar_x2_y2
-1.288296e-02 0 -1
3.358955e-01 -4.780288e-01 
1
2
17 12 3 8 0 -1
17 12 3 4 0 2
tilted_haar_x2
4.227921e-02 0 -1
4.177528e-02 -8.699796e-01 
1
3
3 19 4 4 0 -1
3 19 2 2 0 2
5 21 2 2 0 2
haar_x2_y2
-1.690992e-03 0 -1
4.977111e-01 -2.896234e-01 
1
3
3 1 18 16 0 -1
12 1 9 8 0 2
3 9 9 8 0 2
haar_x2_y2
6.252570e-02 0 -1
2.279638e-01 -6.851276e-01 
1
3
0 0 24 10 0 -1
0 0 12 5 0 2
12 5 12 5 0 2
haar_x2_y2
1.160566e-01 0 -1
1.378902e-01 -9.542664e-01 
1
2
7 16 10 6 0 -1
7 18 10 2 0 3
haar_y3
9.643850e-03 0 -1
-3.045904e-01 5.811584e-01 
1
2
0 1 4 20 0 -1
2 1 2 20 0 2
haar_x2
-2.987327e-02 0 -1
4.927018e-01 -3.290012e-01 
-4.845335e-01

7
-1
