10
1
2
0 1 24 1 0 -1
8 1 8 1 0 3
haar_x3
-2.466225e-02 0 -1
5.895197e-01 -3.638813e-01 
1
2
17 9 1 14 0 -1
17 9 1 7 0 2
tilted_haar_x2
-2.402633e-02 0 -1
-4.313934e-01 6.339304e-02 
1
2
10 13 6 5 0 -1
10 13 3 5 0 2
tilted_haar_x2
-2.795163e-03 0 -1
-6.851857e-01 2.811441e-01 
1
2
20 10 4 1 0 -1
21 10 2 1 0 2
haar_x4
-7.636429e-04 0 -1
5.196940e-01 -3.494261e-01 
1
2
2 5 6 7 0 -1
4 5 2 7 0 3
haar_x3
5.382399e-03 0 -1
-2.242954e-01 6.855635e-01 
1
2
12 12 9 1 0 -1
15 12 3 1 0 3
haar_x3
2.080082e-03 0 -1
-1.417711e-01 3.238722e-01 
1
2
2 19 1 4 0 -1
2 20 1 2 0 2
haar_y4
-2.065621e-04 0 -1
4.809363e-01 -4.043155e-01 
1
2
12 12 9 1 0 -1
15 12 3 1 0 3
haar_x3
-1.825381e-04 0 -1
1.758983e-01 -9.692574e-02 
1
2
3 12 9 1 0 -1
6 12 3 1 0 3
haar_x3
3.100407e-03 0 -1
-3.519295e-01 5.782369e-01 
1
2
9 18 7 3 0 -1
9 19 7 1 0 3
haar_y3
1.447621e-03 0 -1
-3.125688e-01 4.821319e-01 
-8.330515e-01

5
-1
