7
1
3
0 0 16 8 0 -1
0 0 8 4 0 2
8 4 8 4 0 2
haar_x2_y2
3.580903e-02 0 -1
-5.523466e-01 4.736845e-01 
1
2
18 8 6 4 0 -1
20 8 2 4 0 3
haar_x3
-2.906671e-03 0 -1
4.338229e-01 -3.411986e-01 
1
2
0 0 2 13 0 -1
1 0 1 13 0 2
haar_x2
-3.716416e-03 0 -1
5.131405e-01 -4.308870e-01 
1
2
3 1 21 18 0 -1
3 10 21 9 0 2
haar_y2
1.484773e-02 0 -1
-8.920918e-01 2.161829e-01 
1
2
0 23 10 1 0 -1
5 23 5 1 0 2
haar_x2
-4.225387e-03 0 -1
5.785492e-01 -4.004124e-01 
1
2
17 4 4 20 0 -1
17 4 2 20 0 2
haar_x2
3.360939e-03 0 -1
-5.496526e-01 2.932515e-01 
1
2
9 21 4 2 0 -1
10 21 2 2 0 2
haar_x4
6.913589e-05 0 -1
-4.395455e-01 4.576679e-01 
-1.044181e+00

3
-1
