9
1
2
2 5 20 2 0 -1
7 5 10 2 0 2
haar_x4
5.003648e-02 0 -1
-1.965065e-01 6.338031e-01 
1
2
17 19 3 2 0 -1
18 20 1 2 0 3
tilted_haar_y3
-3.131638e-03 0 -1
4.665852e-01 -1.158229e-01 
1
3
2 14 4 6 0 -1
2 14 2 3 0 2
4 17 2 3 0 2
haar_x2_y2
-9.286182e-03 0 -1
6.965675e-01 -2.316821e-01 
1
2
0 0 24 3 0 -1
8 1 8 1 0 9
haar_point
-6.130551e-02 0 -1
4.311754e-01 -3.397233e-01 
1
2
7 8 10 4 0 -1
12 8 5 4 0 2
haar_x2
-1.636252e-02 0 -1
-6.421270e-01 2.294698e-01 
1
2
15 21 3 2 0 -1
16 21 1 2 0 3
haar_x3
7.139739e-05 0 -1
-1.492795e-01 2.062313e-01 
1
2
0 8 3 3 0 -1
1 8 1 3 0 3
haar_x3
-3.674669e-03 0 -1
6.819443e-01 -2.074461e-01 
1
2
10 12 4 5 0 -1
11 12 2 5 0 2
haar_x4
-1.194566e-03 0 -1
5.849275e-01 -2.668263e-01 
1
2
6 7 2 1 0 -1
7 7 1 1 0 2
haar_x2
4.082631e-05 0 -1
-5.021303e-01 3.062660e-01 
-9.281936e-01

9
-1
