11
1
2
0 5 6 7 0 -1
2 5 2 7 0 3
haar_x3
-2.798167e-02 0 -1
5.567569e-01 -2.481928e-01 
1
2
23 2 1 18 0 -1
23 2 1 9 0 2
tilted_haar_x2
-1.754785e-02 0 -1
1.379234e-01 -2.475200e-01 
1
2
1 2 18 1 0 -1
1 2 9 1 0 2
tilted_haar_x2
2.373753e-02 0 -1
1.246109e-01 -9.999944e-01 
1
3
7 1 16 6 0 -1
15 1 8 3 0 2
7 4 8 3 0 2
haar_x2_y2
3.002427e-02 0 -1
-2.783915e-01 3.238558e-01 
1
2
12 13 1 10 0 -1
12 13 1 5 0 2
tilted_haar_y2
-6.029053e-03 0 -1
5.779135e-01 -2.047264e-01 
1
2
16 2 7 4 0 -1
15 3 7 2 0 2
tilted_haar_x4
7.475737e-03 0 -1
-2.267333e-01 3.180797e-01 
1
2
1 15 5 9 0 -1
1 18 5 3 0 3
haar_y3
-1.639102e-02 0 -1
5.853751e-01 -2.274071e-01 
1
2
18 12 6 1 0 -1
18 12 3 1 0 2
tilted_haar_y2
-5.784735e-03 0 -1
3.835128e-01 -1.135745e-01 
1
2
6 12 1 6 0 -1
6 12 1 3 0 2
tilted_haar_y2
-1.127549e-02 0 -1
5.693353e-01 -2.354137e-01 
1
2
16 10 1 12 0 -1
13 13 1 6 0 2
tilted_haar_x4
-2.184875e-03 0 -1
-3.385136e-01 1.334532e-01 
1
2
7 14 3 8 0 -1
8 14 1 8 0 3
haar_x3
5.805949e-04 0 -1
-3.676892e-01 3.823982e-01 
-7.235012e-01

11
-1
