9
1
2
6 1 3 6 0 -1
7 2 1 6 0 3
tilted_haar_x3
-1.437928e-02 0 -1
6.404495e-01 -2.701419e-01 
1
2
7 0 12 12 0 -1
7 3 12 6 0 2
haar_y4
-7.843272e-02 0 -1
7.894319e-01 -1.066528e-01 
1
2
9 5 4 4 0 -1
9 6 4 2 0 2
haar_y4
2.899518e-03 0 -1
-2.840741e-01 5.406120e-01 
1
2
11 5 12 7 0 -1
14 5 6 7 0 2
haar_x4
1.604388e-03 0 -1
-2.939800e-01 3.029015e-01 
1
2
0 2 4 12 0 -1
0 5 4 6 0 2
haar_y4
-1.441215e-03 0 -1
2.518995e-01 -5.285982e-01 
1
3
16 21 2 2 0 -1
17 21 1 1 0 2
16 22 1 1 0 2
haar_x2_y2
-3.948168e-05 0 -1
1.806932e-01 -1.221186e-01 
1
2
3 18 6 3 0 -1
6 18 3 3 0 2
haar_x2
1.112364e-02 0 -1
-2.182425e-01 6.396468e-01 
1
2
3 17 20 6 0 -1
3 17 10 6 0 2
haar_x2
2.898567e-03 0 -1
-3.546509e-01 2.851909e-01 
1
2
5 12 8 4 0 -1
4 13 8 2 0 2
tilted_haar_y4
-7.178633e-03 0 -1
5.057012e-01 -2.586278e-01 
-7.986997e-01

12
-1
