8
1
2
2 5 4 11 0 -1
4 5 2 11 0 2
haar_x2
2.925119e-02 0 -1
-1.803279e-01 7.857149e-01 
1
2
5 0 16 8 0 -1
5 2 16 4 0 2
haar_y4
-5.815978e-02 0 -1
5.996984e-01 -2.269697e-01 
1
2
7 0 9 12 0 -1
7 4 9 4 0 3
haar_y3
7.008637e-02 0 -1
-2.271500e-01 5.972379e-01 
1
2
12 7 4 8 0 -1
12 7 4 4 0 2
tilted_haar_x2
3.014369e-02 0 -1
1.584904e-01 -7.203793e-01 
1
2
0 9 6 11 0 -1
3 9 3 11 0 2
haar_x2
-8.279728e-03 0 -1
3.913130e-01 -4.359008e-01 
1
2
22 2 1 14 0 -1
22 2 1 7 0 2
tilted_haar_x2
-1.154779e-02 0 -1
1.626630e-01 -4.261600e-01 
1
2
0 15 22 1 0 -1
11 15 11 1 0 2
haar_x2
-1.362919e-02 0 -1
-5.937828e-01 2.510228e-01 
1
2
9 2 6 7 0 -1
11 2 2 7 0 3
haar_x3
-7.591170e-03 0 -1
-9.766560e-01 1.416156e-01 
-3.746942e-01

8
-1
