9
1
2
5 0 6 5 0 -1
7 2 2 5 0 3
tilted_haar_x3
-7.355326e-02 0 -1
8.028170e-01 -2.489084e-01 
1
2
3 1 21 18 0 -1
3 10 21 9 0 2
haar_y2
1.027191e-02 0 -1
-8.239472e-01 1.514243e-01 
1
2
0 23 12 1 0 -1
6 23 6 1 0 2
haar_x2
-1.158823e-02 0 -1
6.704364e-01 -2.624702e-01 
1
2
2 6 21 3 0 -1
9 6 7 3 0 3
haar_x3
4.603495e-02 0 -1
-4.179262e-01 4.310923e-01 
1
2
7 10 4 3 0 -1
7 11 4 1 0 3
haar_y3
2.680520e-03 0 -1
-2.533144e-01 6.927811e-01 
1
2
10 10 5 2 0 -1
10 11 5 1 0 2
haar_y2
-1.642769e-03 0 -1
6.743132e-01 -2.159381e-01 
1
2
0 8 24 12 0 -1
0 12 24 4 0 3
haar_y3
8.972204e-02 0 -1
-3.819587e-01 4.283408e-01 
1
2
0 0 24 3 0 -1
6 0 12 3 0 2
haar_x4
-4.651418e-02 0 -1
5.156407e-01 -3.753073e-01 
1
2
10 20 4 4 0 -1
10 21 4 2 0 2
haar_y4
2.156845e-03 0 -1
-3.064908e-01 6.394199e-01 
-6.515719e-01

6
-1
